148.05462646484375
40.86351013183594
40.18851089477539
35.47213363647461
29.737934112548828
28.13908576965332
26.835586547851562
25.6558780670166
25.396381378173828
24.85502815246582
24.500816345214844
24.368789672851562
23.973384857177734
23.6538028717041
23.376285552978516
23.166471481323242
23.057613372802734
22.744417190551758
22.508649826049805
22.440706253051758
22.51344108581543
21.967971801757812
22.000436782836914
21.669050216674805
21.616039276123047
21.344158172607422
21.182832717895508
21.144817352294922
21.071447372436523
20.823183059692383
20.746597290039062
20.59273910522461
20.708698272705078
20.352203369140625
20.308265686035156
20.179399490356445
20.228010177612305
20.23748016357422
19.959379196166992
19.943809509277344
19.798385620117188
19.921890258789062
19.74881362915039
19.70489501953125
19.84532928466797
19.539690017700195
19.424888610839844
19.561649322509766
19.360755920410156
19.46161460876465
19.566814422607422
19.250852584838867
19.594390869140625
19.212459564208984
19.13715362548828
19.17157745361328
18.974224090576172
19.10851287841797
19.113182067871094
19.03226661682129
18.96926498413086
19.09714698791504
18.7523136138916
19.230022430419922
18.72772216796875
18.734542846679688
18.72951889038086
18.984447479248047
18.654478073120117
18.55478858947754
18.68921661376953
18.49115753173828
18.61809730529785
18.717815399169922
18.513671875
18.847732543945312
18.478816986083984
18.618309020996094
18.466325759887695
18.443815231323242
18.534400939941406
18.466047286987305
18.41722869873047
18.698877334594727
18.389495849609375
18.4097957611084
18.392751693725586
18.299205780029297
18.262985229492188
18.313152313232422
18.204870223999023
18.21160888671875
18.257112503051758
18.303375244140625
18.424358367919922
18.25200080871582
18.22603988647461
18.363765716552734
18.239704132080078
18.27391242980957
18.183164596557617
18.152099609375
18.203033447265625
18.208938598632812
18.223499298095703
18.185779571533203
18.235687255859375
18.214006423950195
18.1209716796875
18.35186767578125
18.477670669555664
18.144914627075195
18.264293670654297
18.39520835876465
18.154861450195312
18.091201782226562
18.1390380859375
18.015478134155273
18.16997528076172
18.054311752319336
18.073139190673828
18.02549171447754
18.168987274169922
18.083951950073242
18.10240936279297
17.894794464111328
18.00347900390625
18.09185218811035
18.022403717041016
18.138099670410156
18.16393280029297
18.229671478271484
17.970136642456055
17.911218643188477
17.981870651245117
17.984329223632812
17.8866024017334
18.044734954833984
18.06455421447754
17.860862731933594
17.830341339111328
18.02068328857422
17.89525604248047
17.915576934814453
18.045852661132812
17.962081909179688
17.884578704833984
17.93483543395996
17.948583602905273
17.82832145690918
17.815401077270508
18.02081298828125
17.850597381591797
17.813488006591797
17.7574405670166
17.946062088012695
18.01311492919922
17.767675399780273
17.768489837646484
17.80134391784668
17.77351951599121
17.755281448364258
17.72948455810547
17.80906867980957
17.705787658691406
17.775880813598633
17.849666595458984
17.617992401123047
17.968948364257812
17.84647560119629
17.72919464111328
17.74250030517578
17.98520851135254
17.648372650146484
17.763402938842773
17.674209594726562
17.634998321533203
17.66031837463379
17.842487335205078
17.493982315063477
17.652280807495117
17.64588165283203
17.61025047302246
17.525320053100586
17.531530380249023
17.50128746032715
17.486940383911133
17.59339714050293
17.611764907836914
17.49540138244629
17.4699764251709
17.403783798217773
17.560083389282227
17.580686569213867
17.410812377929688
17.66196060180664
17.548391342163086
17.46633529663086
17.405672073364258
17.865734100341797
17.631084442138672
17.784120559692383
17.601064682006836
17.614704132080078
17.581348419189453
17.428144454956055
17.55618667602539
17.490320205688477
17.364065170288086
17.510759353637695
17.49555778503418
17.319734573364258
17.35611915588379
17.46933364868164
17.461530685424805
17.332656860351562
17.4728946685791
17.5130672454834
17.478076934814453
17.323747634887695
17.368976593017578
17.496435165405273
17.410762786865234
17.448049545288086
17.310348510742188
17.476688385009766
17.657291412353516
17.257579803466797
17.29523468017578
17.437740325927734
17.192319869995117
17.355579376220703
17.2900447845459
17.2298583984375
17.150650024414062
17.217330932617188
17.42734718322754
17.449033737182617
17.265859603881836
17.313444137573242
17.453046798706055
17.502342224121094
17.343151092529297
17.277420043945312
17.26957130432129
17.350629806518555
17.229049682617188
17.220104217529297
17.27263641357422
17.272172927856445
17.230501174926758
17.272266387939453
17.20314598083496
17.210540771484375
17.175477981567383
17.176183700561523
17.24753761291504
17.319316864013672
17.180599212646484
17.097267150878906
17.290672302246094
17.17664337158203
17.12566375732422
17.237010955810547
17.25902557373047
17.358854293823242
17.24472999572754
17.570783615112305
17.20706558227539
17.406173706054688
17.321104049682617
17.323070526123047
17.128576278686523
17.21824836730957
17.21939468383789
17.11180305480957
17.201736450195312
17.08399200439453
17.127214431762695
17.105741500854492
17.1382999420166
17.183246612548828
17.214170455932617
17.050844192504883
17.236770629882812
17.12285614013672
17.296754837036133
17.261653900146484
17.07469940185547
17.066431045532227
17.080984115600586
16.989641189575195
16.945716857910156
17.05828094482422
17.091136932373047
17.04637908935547
17.05194664001465
16.993309020996094
17.248876571655273
17.120298385620117
16.951820373535156
16.98918342590332
17.006563186645508
16.835126876831055
16.948253631591797
17.178882598876953
16.890317916870117
16.948253631591797
16.908004760742188
16.981327056884766
16.90669059753418
16.928913116455078
16.969240188598633
16.893321990966797
16.899761199951172
16.918895721435547
16.939558029174805
17.052141189575195
16.908571243286133
16.871700286865234
17.02890396118164
16.895755767822266
16.813507080078125
17.04534149169922
16.840375900268555
17.210079193115234
16.96587562561035
16.979326248168945
16.826799392700195
16.8530216217041
16.800874710083008
16.825986862182617
16.924854278564453
16.823328018188477
16.740428924560547
16.678585052490234
16.636581420898438
16.778850555419922
16.889781951904297
16.741647720336914
16.684499740600586
16.735456466674805
16.95800018310547
16.778257369995117
16.746845245361328
16.792211532592773
16.624040603637695
16.630468368530273
16.756547927856445
16.64661407470703
16.70089340209961
16.706096649169922
16.798460006713867
16.75827980041504
16.700984954833984
16.706275939941406
16.66695213317871
16.867170333862305
16.81552505493164
16.6489200592041
16.934324264526367
16.734344482421875
16.819713592529297
16.91541290283203
16.870689392089844
16.807090759277344
16.680105209350586
17.126005172729492
17.050691604614258
16.916959762573242
16.748552322387695
16.776411056518555
16.785221099853516
16.632015228271484
16.56937599182129
16.79379653930664
16.6445369720459
16.685461044311523
16.89762306213379
16.780092239379883
16.737449645996094
16.79869842529297
16.78190040588379
16.748191833496094
16.619564056396484
16.745532989501953
16.624814987182617
16.73554039001465
16.59762954711914
16.58365821838379
16.750335693359375
16.588991165161133
16.69707489013672
16.73604965209961
16.96123695373535
16.90332794189453
16.83954620361328
16.884695053100586
16.80680274963379
16.846220016479492
16.7856502532959
16.760419845581055
17.003173828125
17.048824310302734
16.8933048248291
16.959918975830078
17.080904006958008
17.053281784057617
16.86583137512207
16.82463264465332
16.84469223022461
16.899255752563477
16.786144256591797
16.79288101196289
16.63438606262207
16.781612396240234
16.708080291748047
16.804637908935547
16.731521606445312
16.897977828979492
16.750038146972656
16.661418914794922
16.95033836364746
16.66853904724121
16.673845291137695
16.639659881591797
16.770837783813477
16.66144371032715
16.540361404418945
16.546085357666016
16.55508041381836
16.569852828979492
16.556711196899414
16.432701110839844
16.550498962402344
16.359827041625977
16.383800506591797
16.65283203125
16.355403900146484
16.390254974365234
16.38946533203125
16.460285186767578
16.32192039489746
16.444759368896484
16.282352447509766
16.463336944580078
16.335472106933594
16.33339500427246
16.336132049560547
16.317224502563477
16.293691635131836
16.452930450439453
16.346820831298828
16.332618713378906
16.244434356689453
16.285446166992188
16.364707946777344
16.23583984375
16.219497680664062
16.25865936279297
16.235021591186523
16.1420841217041
16.298093795776367
16.23419189453125
16.249679565429688
16.294981002807617
16.15931510925293
16.2889461517334
16.310007095336914
16.310087203979492
16.29329490661621
16.242298126220703
16.25715446472168
16.2786808013916
16.173206329345703
16.236482620239258
16.1348819732666
16.22953987121582
16.25899887084961
16.177587509155273
16.262134552001953
16.208520889282227
16.215646743774414
16.197851181030273
16.192447662353516
16.468435287475586
16.220947265625
16.29149055480957
16.388132095336914
16.279151916503906
16.187517166137695
16.439794540405273
16.19557762145996
16.406023025512695
16.197246551513672
16.289209365844727
16.25674057006836
16.22722816467285
16.323537826538086
16.203907012939453
16.14828109741211
16.141773223876953
16.26395606994629
16.22429084777832
16.223506927490234
16.190465927124023
16.196882247924805
16.154094696044922
16.173664093017578
16.135700225830078
16.141712188720703
16.516246795654297
16.181230545043945
16.1391658782959
16.100942611694336
16.218524932861328
16.130037307739258
16.12885284423828
16.45091438293457
16.20526123046875
16.150157928466797
16.1932430267334
16.208751678466797
16.111751556396484
16.246397018432617
16.215654373168945
16.270572662353516
16.16858673095703
16.144771575927734
16.16665267944336
16.133546829223633
16.175975799560547
16.066211700439453
16.043806076049805
16.14377784729004
16.090862274169922
16.13563346862793
16.10637664794922
16.253189086914062
16.161588668823242
16.099231719970703
16.20633316040039
16.135446548461914
16.102550506591797
16.11505699157715
16.233903884887695
16.1051025390625
16.07084846496582
16.160011291503906
16.122596740722656
16.117660522460938
16.068538665771484
16.121049880981445
16.135019302368164
16.09247589111328
16.25189208984375
16.181852340698242
16.300159454345703
16.075809478759766
16.15481185913086
16.030794143676758
16.038095474243164
16.06889533996582
16.109289169311523
16.15764808654785
16.142723083496094
16.182064056396484
16.13242530822754
16.01443099975586
16.096046447753906
16.02253532409668
15.960968017578125
16.116355895996094
16.184314727783203
16.128103256225586
15.950230598449707
15.989847183227539
16.07008171081543
15.957820892333984
16.015708923339844
16.041683197021484
16.24884605407715
16.20406723022461
16.134841918945312
16.061548233032227
16.01066780090332
16.107013702392578
15.984983444213867
15.932570457458496
16.032711029052734
16.014019012451172
16.073925018310547
16.153352737426758
16.020612716674805
15.932215690612793
16.033720016479492
16.003969192504883
16.008180618286133
16.01807403564453
16.00844383239746
16.080223083496094
16.109752655029297
16.063079833984375
16.082712173461914
16.170040130615234
16.139829635620117
16.03377914428711
16.03452491760254
16.00221824645996
16.106643676757812
16.012279510498047
16.02123260498047
16.104154586791992
16.025394439697266
16.015520095825195
16.236825942993164
16.08981704711914
16.091686248779297
16.09466552734375
15.961214065551758
15.961606979370117
15.927709579467773
15.937752723693848
16.125934600830078
16.112165451049805
16.013933181762695
15.90791130065918
15.931913375854492
16.230892181396484
16.140295028686523
16.046533584594727
15.965521812438965
15.963834762573242
15.996408462524414
15.986529350280762
16.060813903808594
16.046289443969727
15.950157165527344
16.05217742919922
16.192108154296875
15.997688293457031
15.994382858276367
16.051225662231445
15.978354454040527
15.930170059204102
15.950953483581543
15.969862937927246
15.984077453613281
16.02489471435547
15.996994972229004
16.238828659057617
16.00885772705078
15.982237815856934
16.070497512817383
16.00969696044922
16.08344268798828
16.04449462890625
15.895544052124023
15.86750316619873
15.986473083496094
15.994427680969238
16.149240493774414
15.999998092651367
16.092281341552734
15.978885650634766
15.923325538635254
15.982364654541016
15.923378944396973
15.893884658813477
16.320140838623047
15.888652801513672
16.0403995513916
16.207454681396484
16.021818161010742
16.133298873901367
15.915331840515137
15.9212007522583
15.860078811645508
15.966045379638672
16.073137283325195
16.070632934570312
15.948914527893066
15.881793975830078
15.941069602966309
16.032793045043945
15.897602081298828
15.95786190032959
15.878068923950195
15.937402725219727
16.195404052734375
15.941717147827148
16.07199478149414
15.899394035339355
15.882810592651367
15.850896835327148
15.963837623596191
16.166017532348633
16.058975219726562
15.91462516784668
15.846271514892578
15.907416343688965
15.870553016662598
15.87539291381836
15.79697036743164
15.914402961730957
15.95850944519043
15.89220142364502
15.883904457092285
15.978322982788086
15.848410606384277
15.898308753967285
15.836884498596191
15.855719566345215
15.906956672668457
15.85248851776123
16.039981842041016
15.9215087890625
15.946117401123047
15.888601303100586
15.929306030273438
15.796417236328125
15.858434677124023
16.093517303466797
15.936270713806152
15.953961372375488
15.86890697479248
15.865143775939941
15.88320541381836
15.780842781066895
15.80686092376709
15.846169471740723
15.95214557647705
15.831193923950195
16.07001495361328
15.864863395690918
15.817732810974121
15.875961303710938
15.826377868652344
15.927040100097656
15.898362159729004
15.868462562561035
15.827375411987305
15.838688850402832
15.924761772155762
15.912837982177734
16.025440216064453
15.825394630432129
15.829385757446289
15.802842140197754
15.809420585632324
15.892183303833008
15.838855743408203
15.78652572631836
15.90237808227539
15.895620346069336
15.89067554473877
15.871671676635742
15.82227897644043
15.860433578491211
15.760015487670898
15.88534927368164
15.833104133605957
15.7730712890625
15.717504501342773
15.77807331085205
15.850170135498047
15.891610145568848
15.794816017150879
15.897018432617188
15.80521011352539
15.844513893127441
15.9004487991333
15.778159141540527
15.965639114379883
15.817628860473633
15.839344024658203
15.815655708312988
15.821550369262695
15.824995994567871
15.903596878051758
15.984990119934082
15.826765060424805
15.812543869018555
15.911333084106445
15.770407676696777
15.786258697509766
15.873870849609375
15.734234809875488
15.781900405883789
15.706284523010254
15.831689834594727
15.76409912109375
15.801772117614746
15.98532485961914
16.15254020690918
15.7926607131958
15.826146125793457
15.780009269714355
16.011747360229492
15.776902198791504